(35 26 22 46 26 10 41 16 47 34 27 3 32 27 15 28 33 2 44 29 37 49 1 42 14 12 16 29 0 43 8 4 30 26 42 22)
                                       (21 3 24 48 42 18 45 31 47 11 18 38 32
                                        26 45 32 1 35 45 4 16 48 14 8 27 15 16
                                        39 15 0 24 38 8 22 27 32)
                                       (5 7 16 37 45 48 1 12 37 19 35 29 32 1
                                        43 16 21 25 29 38 19 43 17 3 29 36 36
                                        45 32 42 0 4 9 42 22 26)
                                       (6 2 6 42 10 45 18 3 43 4 32 24 23 17 48
                                        17 38 3 14 18 13 8 22 49 18 43 24 15 12
                                        45 20 0 19 35 45 42)
                                       (17 25 38 4 30 39 39 1 8 1 19 10 35 18 2
                                        25 37 41 16 12 47 4 16 29 36 45 3 42 26
                                        24 41 6 0 47 39 39)
                                       (15 42 19 49 4 45 32 20 48 48 48 42 41
                                        34 26 23 48 39 23 6 39 25 3 2 17 33 6
                                        35 12 44 19 48 15 0 18 48)
                                       (9 20 18 47 3 35 7 6 16 23 11 42 37 31 3
                                        22 28 22 4 16 26 6 28 6 32 25 47 22 48
                                        28 47 45 48 35 0 9)
                                       (32 17 35 19 35 40 16 11 45 7 10 7 40 38
                                        6 16 24 35 16 49 5 42 45 3 13 1 46 31
                                        45 15 45 32 16 1 40 0)